  1.52   4.00    7.00 95.17%
  1.52   4.00    7.00 95.17%
  1.52   4.00    7.00 95.17%
  1.52   4.00    7.00 95.17%
  1.52   4.00    7.00 95.17%
  1.52   4.00    7.00 95.17%
  1.52   4.00    7.00 95.17%
  1.52   4.00    7.00 95.17%
  1.52   4.00    7.00 95.17%
  1.52   4.00    7.00 95.17%
  1.52   4.00    7.00 95.17%
  1.52   4.00    7.00 95.17%
  1.52   4.00    7.00 95.17%
  1.52   4.00    7.00 95.17%
  1.52   4.00    7.00 95.17%
  1.52   4.00    7.00 95.17%
  1.52   4.00    7.00 95.17%
  1.52   4.20    6.50 95.26%
  1.52   4.20    6.50 95.26%
  1.52   4.20    6.50 95.26%
  1.52   4.20    6.50 95.22%
  1.52   4.20    6.50 95.26%
  1.52   4.20    6.50 95.26%
  1.52   4.20    6.50 95.26%
  1.52   4.20    6.50 95.26%
  1.52   4.20    6.50 95.26%
  1.52   4.20    6.50 95.26%
  1.52   4.20    6.50 95.26%
  1.52   4.20    6.50 95.26%
  1.52   4.33    6.00 94.74%
  1.52   4.33    6.00 94.74%
  1.52   4.33    6.50 95.91%
  1.52   4.33    6.50 95.91%
  1.52   4.33    6.50 95.91%
  1.52   4.33    6.50 95.91%
  1.52   4.33    6.50 95.91%
  1.52   4.33    6.50 95.91%
  1.52   4.33    6.50 95.91%
  1.52   4.33    6.50 95.91%
  1.52   4.33    6.50 95.91%
  1.52   4.33    6.50 95.91%
  1.52   4.33    6.50 95.91%
  1.52   4.33    6.50 95.91%
  1.52   4.33    6.50 95.91%
  1.52   4.33    6.50 95.91%
  1.52   4.33    6.50 95.91%
  1.52   4.33    6.50 95.91%
  1.52   4.40    6.00 95.08%
  1.52   4.40    6.00 95.08%
  1.52   4.40    6.00 95.08%
  1.52   4.40    6.00 95.08%
  1.52   4.40    6.00 95.08%
  1.52   4.40    6.00 95.08%
  1.52   4.40    6.00 95.08%
  1.52   4.40    6.00 95.08%
  1.52   4.40    6.00 95.08%
  1.52   4.40    6.00 95.08%
  1.52   4.40    6.00 95.08%
  1.52   4.40    6.00 95.08%
  1.52   4.40    6.00 95.08%
  1.52   4.40    6.00 95.08%
  1.52   4.40    6.00 95.08%
  1.52   4.40    6.00 95.08%
  1.52   4.40    6.00 95.08%
  1.52   4.40    6.00 95.08%
  1.52   4.40    6.00 95.08%
  1.52   4.40    6.00 95.08%
  1.52   4.40    6.00 95.08%
  1.52   4.40    6.00 95.08%
  1.52   4.40    6.00 95.08%
  1.52   4.40    6.00 95.08%
  1.52   4.40    6.00 95.08%
  1.52   4.40    6.00 95.08%
  1.52   4.40    6.00 95.08%
  1.52   4.40    6.00 95.08%
  1.52   4.40    6.00 95.08%
  1.52   4.40    6.00 95.08%
  1.52   4.40    6.00 95.08%
  1.52   4.40    6.00 95.08%
  1.52   4.40    6.00 95.08%
  1.52   4.40    6.00 95.08%
  1.52   4.50    5.80 95.02%
  1.52   4.50    5.80 95.02%
  1.52   4.50    5.80 95.02%
  1.52   4.50    5.80 95.02%
  1.52   4.50    5.80 95.02%
  1.52   4.50    6.00 95.53%
  1.52   4.50    6.00 95.53%
  1.52   4.50    6.00 95.53%
  1.52   4.50    6.00 95.53%
  1.52   4.80    5.50 95.43%
  1.53   3.90    7.00 94.98%
  1.53   3.90    7.00 94.98%
  1.53   3.90    7.00 94.98%
  1.53   3.90    7.00 94.98%
  1.53   3.90    7.00 94.98%
  1.53   3.90    7.00 94.98%
  1.53   4.00    5.00 90.61%
  1.53   4.00    5.50 92.14%
  1.53   4.00    6.50 94.57%
  1.53   4.00    7.00 95.56%
  1.53   4.00    7.00 95.56%
  1.53   4.00    7.00 95.56%
  1.53   4.20    6.50 95.64%
  1.53   4.20    6.50 95.64%
  1.53   4.20    6.50 95.64%
  1.53   4.20    6.50 95.64%
  1.53   4.20    6.50 95.64%
  1.53   4.20    6.50 95.64%
  1.53   4.33    6.00 95.14%
  1.53   4.33    6.00 95.14%
  1.53   4.33    6.00 95.14%
  1.53   4.33    6.00 95.14%
  1.53   4.33    6.00 95.14%
  1.53   4.33    6.00 95.14%
  1.53   4.33    6.00 95.14%
  1.53   4.33    6.00 95.14%
  1.53   4.33    6.00 95.14%
  1.53   4.40    5.80 94.94%
  1.53   4.40    5.80 94.94%
  1.53   4.40    5.80 94.94%
  1.53   4.40    5.80 94.94%
  1.53   4.40    5.80 94.94%
  1.53   4.40    5.80 94.94%
  1.53   4.40    5.80 94.94%
  1.53   4.75    5.25 94.81%
  1.55   3.80    7.00 95.14%
  1.55   3.80    7.00 95.14%
  1.55   3.80    7.00 95.14%
  1.55   3.80    7.00 95.14%
  1.55   3.80    7.00 95.14%
  1.55   3.80    7.00 95.14%
  1.55   3.80    7.00 95.14%
  1.55   3.90    7.00 95.74%
  1.55   3.90    7.00 95.74%
  1.55   3.90    7.00 95.74%
  1.55   3.90    7.00 95.74%
  1.55   3.90    7.00 95.74%
  1.55   4.00    6.50 95.32%
  1.55   4.00    6.50 95.32%
  1.55   4.00    6.50 95.32%
  1.55   4.00    6.50 95.32%
  1.55   4.00    6.50 95.32%
  1.55   4.00    6.50 95.32%
  1.55   4.00    6.50 95.32%
  1.55   4.00    6.50 95.32%
  1.55   4.00    6.50 95.32%
  1.55   4.00    6.50 95.32%
  1.55   4.00    6.50 95.32%
  1.55   4.00    6.50 95.32%
  1.55   4.00    6.50 95.32%
  1.55   4.00    6.50 95.32%
  1.55   4.00    6.50 95.32%
  1.55   4.00    6.50 95.32%
  1.55   4.20    6.00 95.25%
  1.55   4.20    6.00 95.25%
  1.55   4.20    6.00 95.25%
  1.55   4.20    6.00 95.25%
  1.55   4.20    6.00 95.25%
  1.55   4.20    6.00 95.25%
  1.55   4.20    6.00 95.25%
  1.55   4.20    6.00 95.25%
  1.55   4.20    6.00 95.25%
  1.55   4.20    6.00 95.25%
  1.55   4.20    6.00 95.25%
  1.55   4.20    6.00 95.25%
  1.55   4.20    6.00 95.25%
  1.55   4.20    6.00 95.25%
  1.55   4.20    6.00 95.25%
  1.55   4.20    6.00 95.25%
  1.55   4.20    6.00 95.25%
  1.55   4.20    6.00 95.25%
  1.55   4.20    6.00 95.25%
  1.55   4.33    5.80 95.37%
  1.55   4.33    5.80 95.37%
  1.55   4.33    5.80 95.37%
  1.55   4.33    5.80 95.37%
  1.55   4.33    5.80 95.37%
  1.55   4.33    5.80 95.37%
  1.55   4.33    5.80 95.37%
  1.55   4.33    5.80 95.37%
  1.55   4.33    5.80 95.37%
  1.55   4.40    5.50 94.86%
  1.55   4.40    5.50 94.86%
  1.55   4.40    5.50 94.86%
  1.55   4.40    5.50 94.86%
  1.55   4.40    5.50 94.86%
  1.55   4.40    5.50 94.86%
  1.55   4.40    5.50 94.86%
  1.55   4.40    5.50 94.86%
  1.55   4.40    5.50 94.86%
  1.55   4.40    5.50 94.86%
  1.55   4.40    5.50 94.86%
  1.55   4.50    5.50 95.31%
  1.55   4.50    5.50 95.31%
  1.55   4.50    5.50 95.31%
  1.55   4.60    5.25 94.97%
  1.55   4.60    5.25 94.97%
  1.55   4.60    5.25 94.97%
  1.57   3.80    6.50 94.88%
  1.57   3.80    6.50 94.88%
  1.57   3.80    6.50 94.88%
  1.57   3.80    6.50 94.88%
  1.57   3.80    6.50 94.88%
  1.57   3.80    6.50 94.88%
  1.57   3.80    6.50 94.88%
  1.57   3.80    6.50 94.88%
  1.57   3.80    6.50 94.88%
  1.57   3.80    6.50 94.88%
  1.57   3.90    6.50 95.49%
  1.57   3.90    6.50 95.49%
  1.57   3.90    6.50 95.49%
  1.57   3.90    6.50 95.49%
  1.57   3.90    6.50 95.49%
  1.57   3.90    6.50 95.49%
  1.57   3.90    6.50 95.49%
  1.57   3.90    6.50 95.49%
  1.57   4.00    6.00 94.91%
  1.57   4.00    6.00 94.91%
  1.57   4.00    6.00 94.91%
  1.57   4.00    6.00 94.91%
  1.57   4.00    6.00 94.91%
  1.57   4.00    6.00 94.91%
  1.57   4.00    6.00 94.91%
  1.57   4.00    6.00 94.91%
  1.57   4.00    6.00 94.91%
  1.57   4.00    6.00 94.91%
  1.57   4.00    6.00 94.91%
  1.57   4.00    6.00 94.91%
  1.57   4.00    6.00 94.91%
  1.57   4.20    5.80 95.47%
  1.57   4.20    5.80 95.47%
  1.57   4.20    5.80 95.47%
  1.57   4.20    5.80 95.47%
  1.57   4.20    5.80 95.47%
  1.57   4.20    5.80 95.47%
  1.57   4.20    5.80 95.47%
  1.57   4.20    5.80 95.47%
  1.57   4.20    5.80 95.47%
  1.57   4.20    5.80 95.47%
  1.57   4.20    5.80 95.47%
  1.57   4.20    5.80 95.47%
  1.57   4.20    5.80 95.47%
  1.57   4.20    5.80 95.47%
  1.57   4.20    5.80 95.47%
  1.57   4.20    5.80 95.47%
  1.57   4.20    5.80 95.47%
  1.57   4.20    5.80 95.47%
  1.57   4.20    5.80 95.47%
  1.57   4.20    5.80 95.47%
  1.57   4.20    6.00 95.99%
  1.57   4.20    6.00 95.99%
  1.57   4.33    5.50 95.27%
  1.57   4.33    5.50 95.27%
  1.57   4.33    5.50 95.27%
  1.57   4.33    5.50 95.27%
  1.57   4.33    5.50 95.27%
  1.57   4.33    5.50 95.27%
  1.57   4.33    5.50 95.27%
  1.57   4.33    5.50 95.27%
  1.57   4.33    5.50 95.27%
  1.57   4.33    5.50 95.27%
  1.57   4.33    5.50 95.27%
  1.57   4.33    5.50 95.27%
  1.57   4.40    5.25 94.81%
  1.57   4.40    5.25 94.81%
  1.57   4.40    5.50 95.6%
  1.57   4.60    5.00 94.85%
  1.57   4.60    5.00 94.85%
  1.57   4.60    5.00 94.85%
  1.60   3.70    6.50 95.31%
  1.60   3.70    6.50 95.31%
  1.60   3.70    6.50 95.31%
  1.60   3.70    6.50 95.31%
  1.60   3.70    6.50 95.31%
  1.60   3.70    6.50 95.31%
  1.60   3.70    6.50 95.31%
  1.60   3.70    6.50 95.31%
  1.60   3.75    6.50 95.65%
  1.60   3.75    6.50 95.65%
  1.60   3.75    6.50 95.65%
  1.60   3.75    6.50 95.65%
  1.60   3.75    6.50 95.65%
  1.60   3.75    6.50 95.65%
  1.60   3.75    6.50 95.65%
  1.60   3.75    6.50 95.65%
  1.60   3.75    6.50 95.65%
  1.60   3.75    6.50 95.65%
  1.60   3.80    6.00 94.8%
  1.60   3.90    5.80 94.9%
  1.60   3.90    5.80 94.9%
  1.60   3.90    5.80 94.9%
  1.60   3.90    6.00 95.41%
  1.60   3.90    6.00 95.41%
  1.60   3.90    6.00 95.41%
  1.60   3.90    6.00 95.41%
  1.60   3.90    6.00 95.41%
  1.60   3.90    6.00 95.41%
  1.60   3.90    6.00 95.41%
  1.60   4.00    5.80 95.47%
  1.60   4.00    5.80 95.47%
  1.60   4.00    5.80 95.47%
  1.60   4.00    5.80 95.47%
  1.60   4.00    5.80 95.47%
  1.60   4.00    5.80 95.47%
  1.60   4.00    5.80 95.47%
  1.60   4.00    5.80 95.47%
  1.60   4.00    5.80 95.47%
  1.60   4.20    5.25 94.91%
  1.60   4.20    5.25 94.91%
  1.60   4.20    5.25 94.91%
  1.60   4.20    5.25 94.91%
  1.60   4.20    5.25 94.91%
  1.60   4.20    5.25 94.92%
  1.60   4.20    5.25 94.91%
  1.60   4.20    5.25 94.92%
  1.60   4.20    5.25 94.91%
  1.60   4.20    5.25 94.92%
  1.60   4.20    5.50 95.7%
  1.60   4.20    5.50 95.7%
  1.60   4.20    5.50 95.7%
  1.60   4.20    5.50 95.7%
  1.60   4.20    5.50 95.7%
  1.60   4.20    5.50 95.7%
  1.60   4.20    5.50 95.7%
  1.60   4.20    5.50 95.7%
  1.60   4.20    5.50 95.7%
  1.60   4.20    5.50 95.7%
  1.60   4.20    5.50 95.7%
  1.60   4.20    5.50 95.7%
  1.60   4.20    5.50 95.7%
  1.60   4.20    5.50 95.7%
  1.60   4.20    5.50 95.7%
  1.60   4.20    5.50 95.7%
  1.60   4.20    5.50 95.7%
  1.60   4.20    5.50 95.7%
  1.60   4.20    5.50 95.7%
  1.60   4.20    5.50 95.7%
  1.60   4.20    5.50 95.7%
  1.60   4.33    5.25 95.57%
  1.60   4.33    5.25 95.55%
  1.60   4.33    5.25 95.57%
  1.60   4.33    5.25 95.57%
  1.60   4.40    5.00 95.04%
  1.60   4.40    5.00 95.04%
  1.60   4.40    5.00 95.05%
  1.60   4.40    5.00 95.04%
  1.60   4.50    5.00 95.5%
  1.61   3.70    6.50 95.67%
  1.61   3.70    6.50 95.67%
  1.61   3.70    6.50 95.67%
  1.61   3.70    6.50 95.67%
  1.61   3.75    6.00 94.83%
  1.61   3.75    6.00 94.83%
  1.61   3.75    6.00 94.83%
  1.61   3.75    6.00 94.83%
  1.61   3.75    6.00 94.83%
  1.61   3.75    6.00 94.83%
  1.61   3.80    5.80 94.64%
  1.61   3.80    5.80 94.64%
  1.61   3.90    5.80 95.25%
  1.61   3.90    5.80 95.25%
  1.61   3.90    5.80 95.25%
  1.61   3.90    5.80 95.25%
  1.61   3.90    5.80 95.25%
  1.61   3.90    5.80 95.25%
  1.61   3.90    5.80 95.25%
  1.61   3.90    5.80 95.25%
  1.61   4.00    5.50 94.99%
  1.61   4.00    5.50 94.97%
  1.61   4.00    5.50 94.97%
  1.61   4.00    5.50 94.97%
  1.61   4.00    5.50 94.97%
  1.61   4.00    5.50 94.97%
  1.61   4.00    5.50 94.97%
  1.61   4.00    5.50 94.97%
  1.61   4.00    5.50 94.97%
  1.61   4.00    5.50 94.97%
  1.61   4.00    5.50 94.97%
  1.61   4.00    5.50 94.97%
  1.61   4.00    5.50 94.97%
  1.61   4.00    5.50 94.97%
  1.61   4.00    5.50 94.97%
  1.61   4.00    5.50 94.99%
  1.61   4.00    5.50 94.97%
  1.61   4.00    5.50 94.97%
  1.61   4.00    5.50 94.97%
  1.61   4.20    5.25 95.26%
  1.61   4.20    5.25 95.29%
  1.61   4.20    5.25 95.29%
  1.61   4.20    5.25 95.29%
  1.61   4.20    5.25 95.29%
  1.61   4.20    5.25 95.26%
  1.61   4.20    5.25 95.26%
  1.61   4.20    5.25 95.29%
  1.61   4.20    5.25 95.26%
  1.61   4.20    5.25 95.26%
  1.61   4.20    5.25 95.26%
  1.61   4.20    5.25 95.29%
  1.61   4.20    5.25 95.26%
  1.61   4.20    5.25 95.26%
  1.61   4.20    5.25 95.29%
  1.61   4.20    5.25 95.29%
  1.61   4.20    5.25 95.26%
  1.61   4.20    5.25 95.29%
  1.61   4.20    5.25 95.26%
  1.61   4.20    5.25 95.29%
  1.61   4.20    5.25 95.26%
  1.61   4.33    5.00 95.05%
  1.61   4.33    5.00 95.05%
  1.61   4.33    5.00 95.05%
  1.61   4.33    5.00 95.05%
  1.63   3.70    6.00 95.19%
  1.63   3.70    6.00 95.19%
  1.63   3.70    6.00 95.19%
  1.63   3.70    6.00 95.19%
  1.63   3.70    6.00 95.19%
  1.63   3.75    5.80 95.01%
  1.63   3.75    5.80 95.01%
  1.63   3.75    5.80 95.01%
  1.63   3.75    5.80 95.01%
  1.63   3.75    5.80 95.01%
  1.63   3.75    5.80 95.01%
  1.63   3.75    5.80 95.01%
  1.63   3.80    5.80 95.32%
  1.63   3.80    5.80 95.32%
  1.63   3.80    5.80 95.32%
  1.63   3.90    5.50 95.08%
  1.63   3.90    5.50 95.08%
  1.63   3.90    5.50 95.08%
  1.63   3.90    5.50 95.08%
  1.63   3.90    5.50 95.08%
  1.63   3.90    5.50 95.08%
  1.63   3.90    5.50 95.08%
  1.63   3.90    5.50 95.08%
  1.63   3.90    5.50 95.08%
  1.63   3.90    5.50 95.08%
  1.63   3.90    5.50 95.08%
  1.63   3.90    5.50 95.08%
  1.63   3.90    5.50 95.08%
  1.63   3.90    5.50 95.08%
  1.63   3.90    5.50 95.08%
  1.63   3.90    5.50 95.08%
  1.63   4.00    5.25 94.87%
  1.63   4.00    5.25 94.88%
  1.63   4.00    5.25 94.88%
  1.63   4.00    5.25 94.88%
  1.63   4.00    5.25 94.88%
  1.63   4.00    5.25 94.87%
  1.63   4.00    5.25 94.88%
  1.63   4.00    5.25 94.88%
  1.63   4.00    5.25 94.88%
  1.63   4.00    5.25 94.88%
  1.63   4.00    5.25 94.88%
  1.63   4.00    5.25 94.87%
  1.63   4.00    5.25 94.88%
  1.63   4.00    5.25 94.87%
  1.63   4.20    5.00 95.1%
  1.63   4.20    5.00 95.09%
  1.63   4.20    5.00 95.09%
  1.63   4.20    5.00 95.1%
  1.63   4.20    5.00 95.1%
  1.63   4.20    5.00 95.1%
  1.63   4.20    5.00 95.09%
  1.63   4.20    5.00 95.1%
  1.63   4.20    5.00 95.1%
  1.63   4.20    5.00 95.09%
  1.63   4.20    5.00 95.1%
  1.63   4.20    5.00 95.09%
  1.63   4.20    5.00 95.1%
  1.63   4.20    5.00 95.1%
  1.63   4.20    5.00 95.1%
  1.63   4.20    5.00 95.09%
  1.63   4.20    5.00 95.1%
  1.63   4.20    5.00 95.09%
  1.63   4.20    5.00 95.09%
  1.63   4.20    5.00 95.1%
  1.63   4.20    5.00 95.09%
  1.63   4.33    4.80 94.99%
  1.63   4.33    5.25 96.6%
  1.63   4.33    5.25 96.6%
  1.65   3.60    6.00 95.19%
  1.65   3.60    6.00 95.19%
  1.65   3.60    6.00 95.19%
  1.65   3.60    6.00 95.19%
  1.65   3.70    5.80 95.35%
  1.65   3.70    5.80 95.35%
  1.65   3.70    5.80 95.35%
  1.65   3.70    5.80 95.35%
  1.65   3.70    5.80 95.35%
  1.65   3.70    5.80 95.35%
  1.65   3.70    5.80 95.35%
  1.65   3.70    5.80 95.35%
  1.65   3.75    5.50 94.83%
  1.65   3.75    5.50 94.83%
  1.65   3.75    5.50 94.83%
  1.65   3.75    5.50 94.83%
  1.65   3.75    5.80 95.68%
  1.65   3.80    5.50 95.14%
  1.65   3.80    5.50 95.14%
  1.65   3.80    5.50 95.14%
  1.65   3.80    5.50 95.14%
  1.65   3.80    5.50 95.14%
  1.65   3.80    5.50 95.14%
  1.65   3.90    5.25 94.97%
  1.65   3.90    5.25 94.97%
  1.65   3.90    5.25 94.97%
  1.65   3.90    5.25 94.97%
  1.65   3.90    5.25 94.97%
  1.65   3.90    5.25 94.97%
  1.65   3.90    5.25 94.97%
  1.65   3.90    5.25 94.97%
  1.65   3.90    5.25 94.97%
  1.65   3.90    5.25 94.97%
  1.65   3.90    5.25 94.97%
  1.65   3.90    5.25 94.97%
  1.65   4.00    5.25 95.55%
  1.65   4.00    5.25 95.55%
  1.65   4.00    5.25 95.55%
  1.65   4.00    5.25 95.55%
  1.65   4.00    5.25 95.55%
  1.65   4.00    5.25 95.55%
  1.65   4.00    5.25 95.55%
  1.65   4.00    5.25 95.55%
  1.65   4.00    5.25 95.55%
  1.65   4.20    4.75 94.81%
  1.65   4.20    4.75 94.81%
  1.65   4.20    4.75 94.81%
  1.65   4.20    4.75 94.81%
  1.65   4.20    4.80 94.99%
  1.65   4.20    4.80 94.99%
  1.65   4.20    4.80 94.99%
  1.65   4.20    4.80 94.99%
  1.65   4.20    4.80 94.99%
  1.65   4.20    4.80 94.99%
  1.65   4.20    4.80 95.01%
  1.65   4.20    4.80 94.99%
  1.65   4.20    4.80 94.99%
  1.65   4.20    4.80 94.99%
  1.65   4.20    4.80 95.01%
  1.65   4.20    4.80 95.01%
  1.65   4.20    4.80 95.01%
  1.65   4.20    4.80 94.99%
  1.65   4.20    4.80 95.01%
  1.65   4.20    5.00 95.75%
  1.65   4.20    5.00 95.77%
  1.65   4.20    5.00 95.77%
  1.65   4.20    5.00 95.77%
  1.65   4.20    5.00 95.77%
  1.65   4.20    5.00 95.77%
  1.65   4.20    5.00 95.77%
  1.65   4.20    5.00 95.75%
  1.65   4.20    5.00 95.75%
  1.65   4.20    5.00 95.75%
  1.65   4.20    5.00 95.77%
  1.65   4.20    5.00 95.77%
  1.65   4.20    5.00 95.77%
  1.65   4.20    5.25 96.65%
  1.65   4.33    4.60 94.85%
  1.65   4.33    4.60 94.85%
  1.65   4.33    4.60 94.85%
  1.65   4.33    4.60 94.85%
  1.65   4.33    5.25 97.34%
  1.65   4.40    4.60 95.17%
  1.65   4.40    4.60 95.17%
  1.67   3.50    4.50 90.36%
  1.67   3.60    5.80 95.32%
  1.67   3.60    5.80 95.32%
  1.67   3.60    5.80 95.32%
  1.67   3.60    5.80 95.32%
  1.67   3.60    5.80 95.32%
  1.67   3.60    5.80 95.32%
  1.67   3.70    5.50 95.16%
  1.67   3.70    5.50 95.16%
  1.67   3.70    5.50 95.16%
  1.67   3.70    5.50 95.16%
  1.67   3.70    5.50 95.16%
  1.67   3.70    5.50 95.16%
  1.67   3.70    5.50 95.16%
  1.67   3.70    5.50 95.16%
  1.67   3.75    5.50 95.49%
  1.67   3.80    5.25 95.02%
  1.67   3.80    5.25 95.02%
  1.67   3.80    5.25 95.02%
  1.67   3.80    5.25 95.03%
  1.67   3.80    5.25 95.02%
  1.67   3.80    5.25 95.02%
  1.67   3.80    5.25 95.02%
  1.67   3.80    5.25 95.02%
  1.67   3.80    5.25 95.02%
  1.67   3.80    5.25 95.02%
  1.67   3.90    5.25 95.65%
  1.67   3.90    5.25 95.62%
  1.67   3.90    5.25 95.65%
  1.67   3.90    5.25 95.62%
  1.67   3.90    5.25 95.65%
  1.67   3.90    5.25 95.65%
  1.67   3.90    5.25 95.65%
  1.67   3.90    5.25 95.62%
  1.67   4.00    4.80 94.61%
  1.67   4.00    4.80 94.61%
  1.67   4.00    4.80 94.61%
  1.67   4.00    5.00 95.35%
  1.67   4.00    5.00 95.34%
  1.67   4.00    5.00 95.35%
  1.67   4.00    5.00 95.34%
  1.67   4.00    5.00 95.34%
  1.67   4.00    5.00 95.34%
  1.67   4.00    5.00 95.34%
  1.67   4.00    5.00 95.34%
  1.67   4.00    5.00 95.34%
  1.67   4.00    5.00 95.34%
  1.67   4.00    5.00 95.35%
  1.67   4.00    5.00 95.35%
  1.67   4.00    5.00 95.34%
  1.67   4.00    5.00 95.35%
  1.67   4.00    5.00 95.34%
  1.67   4.00    5.00 95.34%
  1.67   4.00    5.00 95.34%
  1.67   4.00    5.00 95.34%
  1.67   4.00    5.00 95.34%
  1.67   4.00    5.00 95.34%
  1.67   4.00    5.00 95.34%
  1.67   4.00    5.00 95.35%
  1.67   4.00    5.00 95.35%
  1.67   4.00    5.00 95.35%
  1.67   4.00    5.00 95.35%
  1.67   4.00    5.00 95.35%
  1.67   4.00    5.00 95.35%
  1.67   4.00    5.00 95.34%
  1.67   4.00    5.00 95.34%
  1.67   4.00    5.00 95.34%
  1.67   4.00    5.00 95.34%
  1.67   4.00    5.00 95.34%
  1.67   4.00    5.00 95.34%
  1.67   4.00    5.00 95.34%
  1.67   4.00    5.00 95.35%
  1.67   4.00    5.00 95.34%
  1.67   4.00    5.00 95.34%
  1.67   4.00    5.00 95.34%
  1.67   4.00    5.00 95.34%
  1.67   4.00    5.00 95.35%
  1.67   4.00    5.00 95.34%
  1.67   4.00    5.50 97.02%
  1.67   4.20    4.75 95.48%
  1.67   4.20    4.75 95.48%
  1.67   4.20    4.75 95.48%
  1.67   4.20    4.75 95.48%
  1.67   4.20    4.75 95.48%
  1.67   4.20    4.75 95.47%
  1.67   4.20    4.75 95.48%
  1.67   4.20    4.75 95.48%
  1.67   4.20    4.75 95.47%
  1.67   4.20    4.75 95.48%
  1.67   4.20    4.75 95.48%
  1.67   4.20    4.75 95.47%
  1.67   4.20    4.75 95.48%
  1.67   4.20    4.80 95.66%
  1.67   4.20    4.80 95.66%
  1.67   4.20    5.25 97.34%
  1.67   4.20    5.25 97.34%
  1.67   4.20    5.25 97.34%
  1.67   4.33    4.50 95.04%
  1.67   4.33    4.50 95.04%
  1.67   4.33    4.50 95.04%
  1.67   4.33    4.50 95.04%
  1.67   4.33    4.50 95.04%
  1.67   4.33    4.50 95.04%
  1.67   4.33    4.50 95.04%
  1.67   4.33    4.50 95.04%
  1.67   4.33    4.60 95.5%
  1.67   4.33    4.60 95.5%
  1.67   4.33    4.60 95.5%
  1.67   4.40    4.40 94.95%
  1.67   4.40    4.40 94.95%
  1.67   4.40    4.40 94.95%
  1.67   4.40    4.40 94.95%
  1.67   4.40    4.40 94.95%
  1.67   4.40    4.50 95.4%
  1.67   4.40    4.50 95.4%
  1.67   4.40    4.80 96.67%
  1.67   4.40    5.00 97.45%
  1.67   4.50    4.33 95.04%
  1.70   3.50    5.80 95.57%
  1.70   3.60    5.50 95.44%
  1.70   3.60    5.50 95.44%
  1.70   3.60    5.50 95.44%
  1.70   3.60    5.50 95.44%
  1.70   3.60    5.50 95.44%
  1.70   3.70    5.25 95.34%
  1.70   3.70    5.25 95.34%
  1.70   3.70    5.25 95.34%
  1.70   3.70    5.25 95.34%
  1.70   3.70    5.25 95.34%
  1.70   3.70    5.25 95.34%
  1.70   3.70    5.25 95.34%
  1.70   3.70    5.25 95.34%
  1.70   3.70    5.25 95.34%
  1.70   3.70    5.25 95.34%
  1.70   3.70    5.25 95.34%
  1.70   3.70    5.25 95.34%
  1.70   3.70    5.25 95.34%
  1.70   3.75    5.00 94.79%
  1.70   3.75    5.00 94.79%
  1.70   3.75    5.00 94.79%
  1.70   3.75    5.25 95.66%
  1.70   3.75    5.25 95.66%
  1.70   3.75    5.25 95.66%
  1.70   3.75    5.25 95.66%
  1.70   3.75    5.25 95.66%
  1.70   3.75    5.25 95.66%
  1.70   3.75    5.25 95.66%
  1.70   3.75    5.25 95.66%
  1.70   3.75    5.25 95.66%
  1.70   3.75    5.25 95.66%
  1.70   3.75    5.25 95.66%
  1.70   3.75    5.25 95.66%
  1.70   3.80    5.00 95.12%
  1.70   3.80    5.00 95.12%
  1.70   3.80    5.00 95.12%
  1.70   3.80    5.00 95.12%
  1.70   3.80    5.00 95.12%
  1.70   3.80    5.00 95.12%
  1.70   3.80    5.00 95.12%
  1.70   3.80    5.00 95.12%
  1.70   3.80    5.00 95.12%
  1.70   3.80    5.00 95.12%
  1.70   3.80    5.00 95.12%
  1.70   3.80    5.00 95.12%
  1.70   3.80    5.00 95.12%
  1.70   3.80    5.00 95.12%
  1.70   3.80    5.00 95.12%
  1.70   3.80    5.00 95.12%
  1.70   3.80    5.00 95.12%
  1.70   3.80    5.00 95.12%
  1.70   3.80    5.00 95.12%
  1.70   3.80    5.00 95.12%
  1.70   3.80    5.00 95.1%
  1.70   3.80    5.00 95.12%
  1.70   3.80    5.00 95.12%
  1.70   3.80    5.00 95.12%
  1.70   3.80    5.00 95.12%
  1.70   3.80    5.00 95.1%
  1.70   3.80    5.00 95.1%
  1.70   3.80    5.00 95.12%
  1.70   3.80    5.50 96.78%
  1.70   3.80    5.80 97.68%
  1.70   3.90    4.80 94.96%
  1.70   3.90    4.80 94.96%
  1.70   3.90    4.80 94.96%
  1.70   3.90    4.80 94.96%
  1.70   3.90    4.80 94.96%
  1.70   3.90    4.80 94.96%
  1.70   3.90    4.80 94.96%
  1.70   3.90    4.80 94.96%
  1.70   3.90    4.80 94.99%
  1.70   3.90    4.80 94.96%
  1.70   3.90    4.80 94.96%
  1.70   3.90    4.80 94.96%
  1.70   3.90    4.80 94.96%
  1.70   3.90    4.80 94.96%
  1.70   3.90    4.80 94.96%
  1.70   3.90    4.80 94.99%
  1.70   3.90    4.80 94.96%
  1.70   3.90    4.80 94.96%
  1.70   3.90    4.80 94.96%
  1.70   3.90    4.80 94.96%
  1.70   3.90    4.80 94.96%
  1.70   3.90    4.80 94.96%
  1.70   3.90    4.80 94.96%
  1.70   3.90    4.80 94.96%
  1.70   3.90    4.80 94.96%
  1.70   3.90    4.80 94.96%
  1.70   3.90    4.80 94.96%
  1.70   3.90    4.80 94.96%
  1.70   3.90    5.00 95.73%
  1.70   3.90    5.00 95.75%
  1.70   3.90    5.00 95.73%
  1.70   3.90    5.00 95.73%
  1.70   3.90    5.00 95.73%
  1.70   3.90    5.00 95.73%
  1.70   3.90    5.00 95.73%
  1.70   3.90    5.00 95.73%
  1.70   3.90    5.00 95.73%
  1.70   3.90    5.00 95.73%
  1.70   3.90    5.00 95.73%
  1.70   3.90    5.00 95.73%
  1.70   3.90    5.00 95.75%
  1.70   3.90    5.00 95.73%
  1.70   3.90    5.00 95.73%
  1.70   3.90    5.00 95.73%
  1.70   3.90    5.00 95.73%
  1.70   3.90    5.00 95.73%
  1.70   3.90    5.00 95.73%
  1.70   3.90    5.00 95.73%
  1.70   4.00    4.60 94.72%
  1.70   4.00    4.60 94.72%
  1.70   4.00    4.60 94.71%
  1.70   4.00    4.60 94.72%
  1.70   4.00    4.75 95.33%
  1.70   4.00    4.75 95.33%
  1.70   4.00    4.75 95.33%
  1.70   4.00    4.75 95.33%
  1.70   4.00    4.75 95.33%
  1.70   4.00    4.75 95.33%
  1.70   4.00    4.75 95.33%
  1.70   4.00    4.75 95.33%
  1.70   4.00    4.75 95.33%
  1.70   4.00    4.75 95.35%
  1.70   4.00    4.75 95.33%
  1.70   4.00    4.75 95.33%
  1.70   4.00    4.75 95.33%
  1.70   4.00    4.75 95.33%
  1.70   4.00    4.75 95.33%
  1.70   4.00    4.75 95.33%
  1.70   4.00    4.75 95.33%
  1.70   4.00    4.75 95.33%
  1.70   4.00    4.75 95.35%
  1.70   4.00    4.75 95.33%
  1.70   4.00    4.75 95.33%
  1.70   4.00    4.75 95.33%
  1.70   4.00    4.75 95.33%
  1.70   4.00    4.75 95.33%
  1.70   4.00    4.75 95.35%
  1.70   4.00    4.75 95.35%
  1.70   4.00    4.80 95.56%
  1.70   4.00    4.80 95.57%
  1.70   4.00    4.80 95.57%
  1.70   4.00    4.80 95.56%
  1.70   4.00    4.80 95.56%
  1.70   4.00    4.80 95.56%
  1.70   4.00    4.80 95.56%
  1.70   4.00    4.80 95.56%
  1.70   4.00    4.80 95.57%
  1.70   4.00    4.80 95.56%
  1.70   4.00    4.80 95.56%
  1.70   4.00    4.80 95.56%
  1.70   4.00    4.80 95.56%
  1.70   4.00    4.80 95.56%
  1.70   4.00    4.80 95.56%
  1.70   4.00    4.80 95.56%
  1.70   4.00    5.00 96.3%
  1.70   4.20    4.40 94.91%
  1.70   4.20    4.40 94.91%
  1.70   4.20    4.40 94.91%
  1.70   4.20    4.40 94.91%
  1.70   4.20    4.40 94.91%
  1.70   4.20    4.40 94.91%
  1.70   4.20    4.40 94.91%
  1.70   4.20    4.40 94.91%
  1.70   4.20    4.40 94.91%
  1.70   4.20    4.40 94.91%
  1.70   4.20    4.40 94.91%
  1.70   4.20    4.40 94.91%
  1.70   4.20    4.40 94.91%
  1.70   4.20    4.50 95.36%
  1.70   4.20    4.50 95.37%
  1.70   4.20    4.50 95.37%
  1.70   4.20    4.50 95.37%
  1.70   4.20    4.50 95.37%
  1.70   4.20    4.50 95.37%
  1.70   4.20    4.50 95.36%
  1.70   4.20    4.50 95.36%
  1.70   4.20    4.50 95.37%
  1.70   4.20    4.50 95.37%
  1.70   4.20    4.50 95.37%
  1.70   4.20    4.50 95.37%
  1.70   4.20    4.50 95.37%
  1.70   4.20    4.50 95.36%
  1.70   4.20    4.50 95.36%
  1.70   4.20    4.50 95.36%
  1.70   4.20    4.50 95.37%
  1.70   4.20    4.50 95.36%
  1.70   4.20    4.60 95.82%
  1.70   4.20    4.60 95.81%
  1.70   4.20    4.60 95.81%
  1.70   4.20    4.60 95.81%
  1.70   4.20    4.60 95.81%
  1.70   4.20    4.60 95.82%
  1.70   4.20    4.60 95.81%
  1.70   4.20    4.60 95.81%
  1.70   4.20    4.60 95.81%
  1.70   4.20    4.60 95.82%
  1.70   4.20    4.60 95.82%
  1.70   4.20    4.60 95.82%
  1.70   4.20    4.60 95.82%
  1.70   4.20    4.60 95.82%
  1.70   4.20    4.60 95.81%
  1.70   4.20    4.80 96.67%
  1.70   4.20    5.00 97.45%
  1.70   4.20    5.00 97.45%
  1.70   4.20    5.00 97.45%
  1.70   4.20    5.25 98.33%
  1.70   4.20    5.25 98.33%
  1.70   4.33    4.33 95.22%
  1.70   4.33    4.33 95.22%
  1.70   4.33    4.33 95.23%
  1.70   4.33    4.33 95.23%
  1.70   4.33    4.33 95.22%
  1.70   4.33    4.33 95.22%
  1.70   4.33    4.33 95.22%
  1.70   4.33    4.33 95.22%
  1.70   4.33    4.33 95.22%
  1.70   4.33    4.33 95.22%
  1.70   4.33    4.33 95.22%
  1.70   4.33    4.33 95.23%
  1.70   4.33    4.33 95.22%
  1.70   4.33    4.33 95.23%
  1.70   4.33    4.33 95.23%
  1.70   4.33    4.33 95.23%
  1.70   4.33    4.33 95.23%
  1.70   4.33    4.33 95.23%
  1.70   4.33    4.40 95.57%
  1.70   4.33    4.40 95.57%
  1.70   4.33    4.40 95.57%
  1.70   4.33    4.40 95.57%
  1.70   4.33    4.40 95.57%
  1.70   4.33    4.40 95.57%
  1.70   4.33    4.40 95.56%
  1.70   4.33    4.75 97.14%
  1.70   4.33    4.75 97.14%
  1.70   4.33    4.75 97.14%
  1.70   4.33    4.75 97.14%
  1.70   4.40    4.20 94.92%
  1.70   4.40    4.20 94.92%
  1.70   4.40    4.20 94.92%
  1.70   4.40    4.20 94.91%
  1.70   4.40    4.20 94.91%
  1.70   4.40    4.33 95.56%
  1.70   4.40    4.33 95.56%
  1.70   4.40    4.33 95.56%
  1.70   4.40    4.33 95.56%
  1.70   4.40    4.60 96.83%
  1.70   4.40    4.75 97.47%
  1.70   4.40    4.80 97.68%
  1.70   4.40    4.80 97.68%
  1.73   3.50    5.50 95.63%
  1.73   3.50    5.50 95.63%
  1.73   3.50    5.50 95.63%
  1.73   3.60    4.33 92.02%
  1.73   3.60    5.25 95.58%
  1.73   3.60    5.25 95.58%
  1.73   3.60    5.25 95.58%
  1.73   3.60    5.25 95.58%
  1.73   3.60    5.25 95.58%
  1.73   3.60    5.25 95.58%
  1.73   3.60    5.25 95.58%
  1.73   3.60    5.25 95.58%
  1.73   3.60    5.25 95.58%
  1.73   3.60    5.25 95.58%
  1.73   3.60    5.25 95.58%
  1.73   3.60    5.25 95.58%
  1.73   3.60    5.25 95.58%
  1.73   3.60    5.25 95.58%
  1.73   3.70    5.00 95.39%
  1.73   3.70    5.00 95.39%
  1.73   3.70    5.00 95.4%
  1.73   3.70    5.00 95.39%
  1.73   3.70    5.00 95.39%
  1.73   3.70    5.00 95.39%
  1.73   3.70    5.00 95.39%
  1.73   3.70    5.00 95.39%
  1.73   3.70    5.00 95.39%
  1.73   3.70    5.00 95.39%
  1.73   3.70    5.00 95.39%
  1.73   3.70    5.00 95.39%
  1.73   3.70    5.00 95.39%
  1.73   3.70    5.00 95.39%
  1.73   3.70    5.00 95.39%
  1.73   3.70    5.00 95.39%
  1.73   3.70    5.00 95.39%
  1.73   3.70    5.00 95.39%
  1.73   3.70    5.00 95.39%
  1.73   3.70    5.00 95.39%
  1.73   3.70    5.00 95.39%
  1.73   3.70    5.00 95.39%
  1.73   3.70    5.00 95.39%
  1.73   3.70    5.50 97.07%
  1.73   3.75    4.20 92.35%
  1.73   3.75    4.80 94.96%
  1.73   3.75    4.80 94.94%
  1.73   3.75    4.80 94.96%
  1.73   3.75    4.80 94.96%
  1.73   3.75    4.80 94.96%
  1.73   3.75    4.80 94.96%
  1.73   3.75    4.80 94.96%
  1.73   3.75    4.80 94.96%
  1.73   3.75    4.80 94.96%
  1.73   3.75    4.80 94.96%
  1.73   3.75    4.80 94.96%
  1.73   3.75    4.80 94.96%
  1.73   3.75    4.80 94.96%
  1.73   3.75    4.80 94.96%
  1.73   3.75    4.80 94.96%
  1.73   3.75    5.00 95.72%
  1.73   3.75    5.00 95.72%
  1.73   3.75    5.00 95.72%
  1.73   3.75    5.00 95.72%
  1.73   3.75    5.00 95.72%
  1.73   3.75    5.00 95.72%
  1.73   3.75    5.00 95.72%
  1.73   3.75    5.00 95.72%
  1.73   3.80    4.75 95.08%
  1.73   3.80    4.75 95.08%
  1.73   3.80    4.75 95.08%
  1.73   3.80    4.75 95.08%
  1.73   3.80    4.75 95.08%
  1.73   3.80    4.75 95.1%
  1.73   3.80    4.75 95.08%
  1.73   3.80    4.75 95.1%
  1.73   3.80    4.75 95.08%
  1.73   3.80    4.75 95.08%
  1.73   3.80    4.75 95.08%
  1.73   3.80    4.75 95.08%
  1.73   3.80    4.75 95.08%
  1.73   3.80    4.75 95.08%
  1.73   3.80    4.75 95.08%
  1.73   3.80    4.75 95.08%
  1.73   3.80    4.75 95.08%
  1.73   3.80    4.75 95.08%
  1.73   3.80    4.75 95.1%
  1.73   3.80    4.75 95.08%
  1.73   3.80    4.75 95.08%
  1.73   3.80    4.75 95.08%
  1.73   3.80    4.75 95.08%
  1.73   3.80    4.75 95.08%
  1.73   3.80    4.75 95.08%
  1.73   3.80    4.80 95.29%
  1.73   3.80    4.80 95.28%
  1.73   3.80    4.80 95.29%
  1.73   3.80    4.80 95.29%
  1.73   3.80    4.80 95.29%
  1.73   3.80    4.80 95.29%
  1.73   3.80    4.80 95.29%
  1.73   3.80    4.80 95.29%
  1.73   3.80    4.80 95.29%
  1.73   3.80    4.80 95.29%
  1.73   3.80    4.80 95.29%
  1.73   3.80    4.80 95.29%
  1.73   3.80    4.80 95.29%
  1.73   3.80    4.80 95.29%
  1.73   3.80    4.80 95.29%
  1.73   3.80    4.80 95.29%
  1.73   3.80    4.80 95.29%
  1.73   3.80    4.80 95.29%
  1.73   3.80    4.80 95.29%
  1.73   3.80    4.80 95.29%
  1.73   3.80    4.80 95.29%
  1.73   3.90    4.60 95.08%
  1.73   3.90    4.60 95.06%
  1.73   3.90    4.60 95.08%
  1.73   3.90    4.60 95.06%
  1.73   3.90    4.60 95.08%
  1.73   3.90    4.60 95.08%
  1.73   3.90    4.60 95.06%
  1.73   3.90    4.60 95.06%
  1.73   3.90    4.60 95.08%
  1.73   3.90    4.60 95.08%
  1.73   3.90    4.60 95.06%
  1.73   3.90    4.60 95.06%
  1.73   3.90    4.60 95.08%
  1.73   3.90    4.60 95.08%
  1.73   3.90    4.60 95.08%
  1.73   3.90    4.60 95.08%
  1.73   3.90    4.60 95.06%
  1.73   3.90    4.60 95.08%
  1.73   3.90    4.60 95.08%
  1.73   3.90    4.60 95.08%
  1.73   3.90    4.60 95.08%
  1.73   3.90    4.60 95.06%
  1.73   3.90    4.60 95.08%
  1.73   3.90    4.60 95.06%
  1.73   3.90    4.75 95.7%
  1.73   3.90    4.75 95.7%
  1.73   3.90    4.75 95.7%
  1.73   3.90    4.75 95.7%
  1.73   4.00    4.50 95.22%
  1.73   4.00    4.50 95.22%
  1.73   4.00    4.50 95.22%
  1.73   4.00    4.50 95.22%
  1.73   4.00    4.50 95.22%
  1.73   4.00    4.50 95.22%
  1.73   4.00    4.50 95.22%
  1.73   4.00    4.50 95.22%
  1.73   4.00    4.50 95.22%
  1.73   4.00    4.50 95.22%
  1.73   4.00    4.50 95.22%
  1.73   4.00    4.50 95.22%
  1.73   4.00    4.50 95.22%
  1.73   4.00    4.50 95.22%
  1.73   4.00    4.50 95.22%
  1.73   4.00    4.50 95.22%
  1.73   4.00    4.50 95.22%
  1.73   4.00    4.50 95.22%
  1.73   4.00    4.50 95.22%
  1.73   4.00    4.50 95.22%
  1.73   4.00    4.50 95.22%
  1.73   4.00    4.50 95.22%
  1.73   4.00    4.50 95.22%
  1.73   4.00    4.50 95.22%
  1.73   4.00    4.50 95.22%
  1.73   4.00    4.50 95.22%
  1.73   4.00    4.50 95.22%
  1.73   4.00    4.50 95.22%
  1.73   4.00    4.50 95.22%
  1.73   4.00    4.50 95.22%
  1.73   4.00    4.50 95.22%
  1.73   4.00    4.50 95.22%
  1.73   4.00    4.50 95.22%
  1.73   4.00    4.50 95.22%
  1.73   4.00    4.50 95.22%
  1.73   4.00    4.50 95.22%
  1.73   4.00    4.50 95.22%
  1.73   4.00    4.50 95.22%
  1.73   4.00    4.50 95.22%
  1.73   4.00    4.60 95.63%
  1.73   4.00    4.60 95.65%
  1.73   4.00    4.60 95.65%
  1.73   4.00    4.60 95.65%
  1.73   4.00    4.60 95.63%
  1.73   4.00    4.60 95.63%
  1.73   4.00    4.60 95.63%
  1.73   4.00    4.60 95.65%
  1.73   4.00    4.60 95.65%
  1.73   4.00    4.60 95.63%
  1.73   4.00    4.60 95.63%
  1.73   4.00    4.60 95.63%
  1.73   4.00    4.60 95.63%
  1.73   4.00    4.60 95.63%
  1.73   4.00    4.60 95.63%
  1.73   4.00    4.60 95.63%
  1.73   4.00    4.60 95.63%
  1.73   4.00    4.60 95.63%
  1.73   4.00    4.60 95.63%
  1.73   4.00    4.60 95.63%
  1.73   4.00    4.60 95.63%
  1.73   4.00    4.60 95.63%
  1.73   4.00    4.60 95.63%
  1.73   4.00    4.80 96.48%
  1.73   4.00    4.80 96.48%
  1.73   4.20    4.33 95.5%
  1.73   4.20    4.33 95.52%
  1.73   4.20    4.33 95.52%
  1.73   4.20    4.33 95.52%
  1.73   4.20    4.33 95.52%
  1.73   4.20    4.33 95.52%
  1.73   4.20    4.33 95.5%
  1.73   4.20    4.33 95.52%
  1.73   4.20    4.33 95.52%
  1.73   4.20    4.33 95.5%
  1.73   4.20    4.33 95.5%
  1.73   4.20    4.33 95.52%
  1.73   4.20    4.33 95.52%
  1.73   4.20    4.33 95.5%
  1.73   4.20    4.33 95.5%
  1.73   4.20    4.33 95.52%
  1.73   4.20    4.33 95.5%
  1.73   4.20    4.33 95.5%
  1.73   4.20    4.33 95.52%
  1.73   4.20    4.33 95.5%
  1.73   4.20    4.40 95.84%
  1.73   4.20    4.40 95.84%
  1.73   4.20    4.40 95.84%
  1.73   4.20    4.40 95.84%
  1.73   4.20    4.40 95.83%
  1.73   4.20    4.40 95.84%
  1.73   4.20    4.60 96.74%
  1.73   4.20    4.60 96.74%
  1.73   4.20    4.75 97.42%
  1.73   4.20    4.75 97.42%
  1.73   4.20    4.75 97.42%
  1.73   4.20    4.75 97.42%
  1.73   4.20    4.80 97.63%
  1.73   4.20    4.80 97.63%
  1.73   4.20    5.00 98.4%
  1.73   4.33    4.20 95.5%
  1.73   4.33    4.20 95.5%
  1.73   4.33    4.20 95.5%
  1.73   4.33    4.20 95.5%
  1.73   4.33    4.20 95.51%
  1.73   4.33    4.20 95.51%
  1.73   4.33    4.20 95.51%
  1.73   4.33    4.20 95.5%
  1.73   4.33    4.20 95.5%
  1.73   4.33    4.20 95.5%
  1.73   4.33    4.20 95.5%
  1.73   4.33    4.20 95.5%
  1.73   4.33    4.20 95.51%
  1.73   4.33    4.20 95.51%
  1.73   4.33    4.20 95.51%
  1.73   4.33    4.20 95.5%
  1.73   4.33    4.20 95.5%
  1.73   4.33    4.20 95.5%
  1.73   4.33    4.60 97.43%
  1.73   4.40    4.20 95.84%
  1.75   3.50    5.25 95.46%
  1.75   3.50    5.25 95.46%
  1.75   3.50    5.25 95.46%
  1.75   3.50    5.25 95.46%
  1.75   3.50    5.25 95.46%
  1.75   3.50    5.25 95.46%
  1.75   3.50    5.25 95.46%
  1.75   3.50    5.25 95.46%
  1.75   3.50    5.25 95.46%
  1.75   3.50    5.25 95.46%
  1.75   3.50    5.25 95.46%
  1.75   3.50    5.25 95.46%
  1.75   3.50    5.25 95.46%
  1.75   3.60    5.00 95.3%
  1.75   3.60    5.00 95.3%
  1.75   3.60    5.00 95.3%
  1.75   3.60    5.00 95.3%
  1.75   3.60    5.00 95.3%
  1.75   3.60    5.00 95.3%
  1.75   3.60    5.00 95.3%
  1.75   3.60    5.00 95.3%
  1.75   3.60    5.00 95.3%
  1.75   3.60    5.00 95.3%
  1.75   3.60    5.00 95.3%
  1.75   3.60    5.00 95.3%
  1.75   3.60    5.00 95.3%
  1.75   3.70    4.75 95.04%
  1.75   3.70    4.75 95.04%
  1.75   3.70    4.75 95.04%
  1.75   3.70    4.75 95.04%
  1.75   3.70    4.75 95.05%
  1.75   3.70    4.75 95.04%
  1.75   3.70    4.75 95.04%
  1.75   3.70    4.75 95.04%
  1.75   3.70    4.75 95.04%
  1.75   3.70    4.75 95.04%
  1.75   3.70    4.75 95.04%
  1.75   3.70    4.75 95.04%
  1.75   3.70    4.75 95.04%
  1.75   3.70    4.75 95.04%
  1.75   3.70    4.75 95.04%
  1.75   3.70    4.75 95.04%
  1.75   3.70    4.75 95.04%
  1.75   3.70    4.75 95.04%
  1.75   3.70    4.75 95.04%
  1.75   3.70    4.75 95.04%
  1.75   3.70    4.75 95.04%
  1.75   3.70    4.80 95.23%
  1.75   3.70    4.80 95.23%
  1.75   3.70    4.80 95.23%
  1.75   3.70    4.80 95.23%
  1.75   3.70    4.80 95.23%
  1.75   3.70    4.80 95.23%
  1.75   3.70    4.80 95.23%
  1.75   3.70    4.80 95.23%
  1.75   3.70    4.80 95.23%
  1.75   3.70    4.80 95.23%
  1.75   3.70    4.80 95.23%
  1.75   3.70    4.80 95.23%
  1.75   3.70    4.80 95.23%
  1.75   3.70    4.80 95.23%
  1.75   3.70    4.80 95.23%
  1.75   3.70    4.80 95.23%
  1.75   3.70    4.80 95.23%
  1.75   3.70    5.25 96.88%
  1.75   3.75    4.60 94.74%
  1.75   3.75    4.75 95.36%
  1.75   3.75    4.75 95.38%
  1.75   3.75    4.75 95.36%
  1.75   3.75    4.75 95.38%
  1.75   3.75    4.75 95.36%
  1.75   3.75    4.75 95.38%
  1.75   3.75    4.75 95.38%
  1.75   3.75    4.75 95.36%
  1.75   3.75    4.75 95.36%
  1.75   3.75    4.75 95.38%
  1.75   3.75    4.75 95.36%
  1.75   3.75    4.75 95.36%
  1.75   3.75    4.75 95.36%
  1.75   3.75    4.75 95.36%
  1.75   3.75    4.75 95.38%
  1.75   3.75    4.75 95.38%
  1.75   3.75    4.75 95.36%
  1.75   3.75    4.75 95.38%
  1.75   3.75    4.75 95.36%
  1.75   3.75    4.75 95.36%
  1.75   3.75    4.75 95.38%
  1.75   3.75    4.75 95.36%
  1.75   3.75    4.75 95.36%
  1.75   3.75    4.75 95.36%
  1.75   3.75    5.25 97.23%
  1.75   3.80    4.60 95.06%
  1.75   3.80    4.60 95.06%
  1.75   3.80    4.60 95.06%
  1.75   3.80    4.60 95.06%
  1.75   3.80    4.60 95.08%
  1.75   3.80    4.60 95.06%
  1.75   3.80    4.60 95.06%
  1.75   3.80    4.60 95.06%
  1.75   3.80    4.60 95.06%
  1.75   3.80    4.60 95.08%
  1.75   3.80    4.60 95.06%
  1.75   3.80    4.60 95.06%
  1.75   3.80    4.60 95.06%
  1.75   3.80    4.60 95.08%
  1.75   3.80    4.60 95.06%
  1.75   3.80    4.60 95.08%
  1.75   3.80    4.60 95.06%
  1.75   3.80    4.60 95.06%
  1.75   3.80    4.60 95.08%
  1.75   3.80    4.60 95.06%
  1.75   3.80    4.60 95.06%
  1.75   3.80    4.60 95.06%
  1.75   3.80    4.60 95.06%
  1.75   3.80    4.60 95.06%
  1.75   3.80    4.60 95.06%
  1.75   3.80    4.60 95.06%
  1.75   3.80    4.60 95.06%
  1.75   3.80    4.60 95.06%
  1.75   3.90    4.40 94.78%
  1.75   3.90    4.40 94.78%
  1.75   3.90    4.40 94.78%
  1.75   3.90    4.50 95.22%
  1.75   3.90    4.50 95.22%
  1.75   3.90    4.50 95.22%
  1.75   3.90    4.50 95.23%
  1.75   3.90    4.50 95.22%
  1.75   3.90    4.50 95.22%
  1.75   3.90    4.50 95.22%
  1.75   3.90    4.50 95.23%
  1.75   3.90    4.50 95.23%
  1.75   3.90    4.50 95.22%
  1.75   3.90    4.50 95.22%
  1.75   3.90    4.50 95.22%
  1.75   3.90    4.50 95.23%
  1.75   3.90    4.50 95.22%
  1.75   3.90    4.50 95.22%
  1.75   3.90    4.50 95.22%
  1.75   3.90    4.50 95.23%
  1.75   3.90    4.50 95.23%
  1.75   3.90    4.50 95.22%
  1.75   4.00    4.33 95.02%
  1.75   4.00    4.33 95.02%
  1.75   4.00    4.33 95.04%
  1.75   4.00    4.33 95.04%
  1.75   4.00    4.33 95.04%
  1.75   4.00    4.33 95.04%
  1.75   4.00    4.33 95.04%
  1.75   4.00    4.33 95.04%
  1.75   4.00    4.33 95.04%
  1.75   4.00    4.33 95.02%
  1.75   4.00    4.33 95.04%
  1.75   4.00    4.33 95.04%
  1.75   4.00    4.33 95.04%
  1.75   4.00    4.33 95.04%
  1.75   4.00    4.33 95.04%
  1.75   4.00    4.33 95.04%
  1.75   4.00    4.33 95.04%
  1.75   4.00    4.33 95.04%
  1.75   4.00    4.33 95.04%
  1.75   4.00    4.33 95.04%
  1.75   4.00    4.33 95.04%
  1.75   4.00    4.33 95.04%
  1.75   4.00    4.33 95.02%
  1.75   4.00    4.33 95.04%
  1.75   4.00    4.33 95.04%
  1.75   4.00    4.33 95.02%
  1.75   4.00    4.33 95.04%
  1.75   4.00    4.33 95.04%
  1.75   4.00    4.33 95.04%
  1.75   4.00    4.33 95.02%
  1.75   4.00    4.33 95.04%
  1.75   4.00    4.33 95.04%
  1.75   4.00    4.33 95.04%
  1.75   4.00    4.33 95.04%
  1.75   4.00    4.33 95.04%
  1.75   4.00    4.33 95.02%
  1.75   4.00    4.40 95.35%
  1.75   4.00    4.40 95.35%
  1.75   4.00    4.40 95.35%
  1.75   4.00    4.40 95.35%
  1.75   4.00    4.40 95.35%
  1.75   4.00    4.40 95.35%
  1.75   4.00    4.40 95.35%
  1.75   4.00    4.40 95.35%
  1.75   4.00    4.40 95.35%
  1.75   4.00    4.40 95.35%
  1.75   4.00    4.40 95.35%
  1.75   4.00    4.40 95.36%
  1.75   4.00    4.40 95.35%
  1.75   4.00    4.40 95.35%
  1.75   4.00    4.40 95.35%
  1.75   4.00    4.40 95.35%
  1.75   4.00    4.40 95.35%
  1.75   4.00    4.40 95.35%
  1.75   4.00    4.40 95.35%
  1.75   4.00    4.40 95.36%
  1.75   4.00    4.40 95.36%
  1.75   4.00    4.40 95.35%
  1.75   4.00    4.40 95.36%
  1.75   4.00    4.40 95.35%
  1.75   4.00    4.40 95.35%
  1.75   4.00    4.40 95.36%
  1.75   4.00    4.40 95.35%
  1.75   4.00    4.40 95.35%
  1.75   4.00    4.40 95.36%
  1.75   4.00    4.40 95.36%
  1.75   4.00    4.40 95.35%
  1.75   4.00    4.40 95.36%
  1.75   4.00    4.40 95.35%
  1.75   4.00    4.75 96.9%
  1.75   4.00    4.75 96.9%
  1.75   4.00    4.75 96.9%
  1.75   4.00    4.80 97.1%
  1.75   4.20    4.20 95.46%
  1.75   4.20    4.20 95.47%
  1.75   4.20    4.20 95.46%
  1.75   4.20    4.20 95.47%
  1.75   4.20    4.20 95.47%
  1.75   4.20    4.20 95.46%
  1.75   4.20    4.20 95.47%
  1.75   4.20    4.20 95.47%
  1.75   4.20    4.20 95.47%
  1.75   4.20    4.20 95.47%
  1.75   4.20    4.20 95.47%
  1.75   4.20    4.20 95.47%
  1.75   4.20    4.20 95.47%
  1.75   4.20    4.20 95.46%
  1.75   4.20    4.20 95.47%
  1.75   4.20    4.20 95.46%
  1.75   4.20    4.20 95.46%
  1.75   4.20    4.20 95.47%
  1.75   4.20    4.20 95.47%
  1.75   4.20    4.20 95.46%
  1.75   4.20    4.20 95.47%
  1.75   4.20    4.20 95.46%
  1.75   4.20    4.20 95.47%
  1.75   4.20    4.20 95.47%
  1.75   4.33    4.00 95.02%
  1.78   3.40    5.25 95.57%
  1.78   3.40    5.25 95.57%
  1.78   3.40    5.25 95.57%
  1.78   3.40    5.25 95.57%
  1.78   3.40    5.25 95.57%
  1.78   3.40    5.25 95.57%
  1.78   3.40    5.25 95.57%
  1.78   3.40    5.25 95.57%
  1.78   3.40    5.25 95.57%
  1.78   3.40    5.25 95.57%
  1.78   3.50    5.00 95.46%
  1.78   3.50    5.00 95.46%
  1.78   3.50    5.00 95.46%
  1.78   3.50    5.00 95.46%
  1.78   3.50    5.00 95.46%
  1.78   3.50    5.00 95.46%
  1.78   3.50    5.00 95.46%
  1.78   3.50    5.00 95.46%
  1.78   3.50    5.50 97.15%
  1.78   3.60    4.75 95.23%
  1.78   3.60    4.75 95.24%
  1.78   3.60    4.75 95.23%
  1.78   3.60    4.75 95.23%
  1.78   3.60    4.75 95.24%
  1.78   3.60    4.75 95.24%
  1.78   3.60    4.75 95.24%
  1.78   3.60    4.75 95.24%
  1.78   3.60    4.75 95.24%
  1.78   3.60    4.75 95.23%
  1.78   3.60    4.75 95.23%
  1.78   3.60    4.75 95.23%
  1.78   3.60    4.75 95.23%
  1.78   3.60    4.75 95.23%
  1.78   3.60    4.75 95.23%
  1.78   3.60    4.75 95.23%
  1.78   3.60    4.75 95.23%
  1.78   3.60    4.75 95.23%
  1.78   3.60    4.75 95.23%
  1.78   3.60    4.75 95.23%
  1.78   3.60    4.75 95.23%
  1.78   3.60    4.75 95.23%
  1.78   3.60    4.75 95.23%
  1.78   3.60    4.75 95.23%
  1.78   3.60    4.75 95.23%
  1.78   3.60    4.75 95.23%
  1.78   3.60    4.75 95.23%
  1.78   3.60    4.75 95.24%
  1.78   3.60    4.75 95.23%
  1.78   3.60    4.80 95.43%
  1.78   3.60    4.80 95.42%
  1.78   3.60    4.80 95.42%
  1.78   3.60    4.80 95.43%
  1.78   3.60    4.80 95.43%
  1.78   3.60    4.80 95.43%
  1.78   3.60    4.80 95.43%
  1.78   3.60    4.80 95.43%
  1.78   3.60    4.80 95.43%
  1.78   3.60    4.80 95.43%
  1.78   3.60    4.80 95.43%
  1.78   3.60    4.80 95.43%
  1.78   3.60    4.80 95.43%
  1.78   3.60    4.80 95.43%
  1.78   3.60    4.80 95.43%
  1.78   3.70    4.50 94.86%
  1.78   3.70    4.50 94.86%
  1.78   3.70    4.50 94.86%
  1.78   3.70    4.50 94.86%
  1.78   3.70    4.50 94.86%
  1.78   3.70    4.50 94.86%
  1.78   3.70    4.50 94.86%
  1.78   3.70    4.50 94.86%
  1.78   3.70    4.50 94.86%
  1.78   3.70    4.50 94.86%
  1.78   3.70    4.50 94.86%
  1.78   3.70    4.50 94.86%
  1.78   3.70    4.50 94.86%
  1.78   3.70    4.50 94.86%
  1.78   3.70    4.50 94.86%
  1.78   3.70    4.50 94.86%
  1.78   3.70    4.50 94.86%
  1.78   3.70    4.50 94.86%
  1.78   3.70    4.60 95.28%
  1.78   3.70    4.60 95.28%
  1.78   3.70    4.60 95.28%
  1.78   3.70    4.60 95.28%
  1.78   3.70    4.60 95.28%
  1.78   3.70    4.60 95.28%
  1.78   3.70    4.60 95.27%
  1.78   3.70    4.60 95.28%
  1.78   3.70    4.60 95.28%
  1.78   3.70    4.60 95.28%
  1.78   3.70    4.60 95.28%
  1.78   3.70    4.60 95.27%
  1.78   3.70    4.60 95.27%
  1.78   3.70    4.60 95.28%
  1.78   3.70    4.60 95.28%
  1.78   3.70    4.60 95.28%
  1.78   3.70    4.60 95.28%
  1.78   3.70    4.60 95.28%
  1.78   3.70    4.60 95.28%
  1.78   3.70    4.60 95.28%
  1.78   3.70    4.60 95.28%
  1.78   3.70    4.60 95.28%
  1.78   3.70    4.60 95.27%
  1.78   3.70    4.60 95.28%
  1.78   3.70    4.60 95.27%
  1.78   3.70    4.60 95.28%
  1.78   3.70    5.00 96.89%
  1.78   3.75    4.50 95.18%
  1.78   3.75    4.50 95.18%
  1.78   3.75    4.50 95.17%
  1.78   3.75    4.50 95.18%
  1.78   3.75    4.50 95.17%
  1.78   3.75    4.50 95.17%
  1.78   3.75    4.50 95.18%
  1.78   3.75    4.50 95.17%
  1.78   3.75    4.50 95.18%
  1.78   3.75    4.50 95.18%
  1.78   3.75    4.50 95.17%
  1.78   3.75    4.50 95.18%
  1.78   3.75    4.50 95.18%
  1.78   3.75    4.50 95.18%
  1.78   3.75    4.50 95.18%
  1.78   3.75    4.50 95.17%
  1.78   3.75    4.60 95.63%
  1.78   3.75    4.60 95.62%
  1.78   3.75    4.60 95.62%
  1.78   3.75    4.60 95.62%
  1.78   3.75    4.60 95.62%
  1.78   3.75    4.60 95.62%
  1.78   3.75    4.60 95.62%
  1.78   3.75    4.60 95.62%
  1.78   3.75    4.60 95.62%
  1.78   3.75    4.60 95.63%
  1.78   3.75    4.60 95.62%
  1.78   3.75    4.60 95.62%
  1.78   3.75    4.60 95.62%
  1.78   3.80    4.40 95.03%
  1.78   3.80    4.40 95.03%
  1.78   3.80    4.40 95.03%
  1.78   3.80    4.40 95.03%
  1.78   3.80    4.40 95.04%
  1.78   3.80    4.40 95.04%
  1.78   3.80    4.40 95.03%
  1.78   3.80    4.40 95.03%
  1.78   3.80    4.40 95.04%
  1.78   3.80    4.40 95.03%
  1.78   3.80    4.40 95.03%
  1.78   3.80    4.50 95.5%
  1.78   3.80    4.50 95.49%
  1.78   3.80    4.50 95.5%
  1.78   3.80    4.50 95.5%
  1.78   3.80    4.50 95.5%
  1.78   3.80    4.50 95.49%
  1.78   3.90    4.33 95.3%
  1.78   3.90    4.33 95.3%
  1.78   3.90    4.33 95.3%
  1.78   3.90    4.33 95.3%
  1.78   3.90    4.33 95.3%
  1.78   3.90    4.33 95.3%
  1.78   3.90    4.33 95.3%
  1.78   3.90    4.33 95.3%
  1.78   3.90    4.33 95.3%
  1.78   3.90    4.33 95.3%
  1.78   3.90    4.33 95.32%
  1.78   3.90    4.33 95.3%
  1.78   3.90    4.33 95.3%
  1.78   3.90    4.33 95.3%
  1.78   3.90    4.33 95.3%
  1.78   3.90    4.33 95.3%
  1.78   3.90    4.33 95.32%
  1.78   3.90    4.33 95.32%
  1.78   3.90    4.33 95.3%
  1.78   3.90    4.33 95.3%
  1.78   3.90    4.33 95.32%
  1.78   3.90    4.33 95.3%
  1.78   3.90    4.33 95.3%
  1.78   3.90    4.33 95.3%
  1.78   3.90    4.33 95.3%
  1.78   3.90    4.40 95.66%
  1.78   3.90    4.40 95.66%
  1.78   3.90    4.40 95.66%
  1.78   3.90    4.40 95.66%
  1.78   3.90    4.40 95.66%
  1.78   3.90    4.40 95.66%
  1.78   3.90    4.40 95.66%
  1.78   3.90    4.40 95.66%
  1.78   4.00    4.20 95.25%
  1.78   4.00    4.20 95.26%
  1.78   4.00    4.20 95.26%
  1.78   4.00    4.20 95.26%
  1.78   4.00    4.20 95.26%
  1.78   4.00    4.20 95.26%
  1.78   4.00    4.20 95.26%
  1.78   4.00    4.20 95.26%
  1.78   4.00    4.20 95.26%
  1.78   4.00    4.20 95.26%
  1.78   4.00    4.20 95.26%
  1.78   4.00    4.20 95.26%
  1.78   4.00    4.20 95.26%
  1.78   4.00    4.20 95.26%
  1.78   4.00    4.20 95.26%
  1.78   4.00    4.20 95.26%
  1.78   4.00    4.20 95.26%
  1.78   4.00    4.20 95.25%
  1.78   4.00    4.20 95.26%
  1.78   4.00    4.20 95.26%
  1.78   4.00    4.20 95.26%
  1.78   4.00    4.20 95.25%
  1.78   4.00    4.20 95.25%
  1.78   4.00    4.20 95.26%
  1.78   4.00    4.20 95.26%
  1.78   4.00    4.20 95.26%
  1.78   4.00    4.20 95.26%
  1.78   4.00    4.20 95.26%
  1.78   4.00    4.20 95.26%
  1.78   4.00    4.20 95.26%
  1.78   4.00    4.20 95.26%
  1.78   4.00    4.20 95.26%
  1.78   4.00    4.20 95.26%
  1.78   4.20    4.00 95.24%
  1.78   4.20    4.00 95.24%
  1.78   4.20    4.00 95.24%
