 1.08  6.50  14.00 
 1.10  6.00  13.00 
 1.15  5.50   9.50 
 1.12  5.75  11.00 
 1.18  5.00   8.75 
 1.25  4.50   7.25 
 1.30  4.25   6.50 
 1.30  4.25   6.75 
 1.08  6.50  13.00 
 1.10  6.00  11.50 
 1.15  5.50   9.50 
 1.18  5.00   9.25 
 1.22  4.75   8.00 
 1.60  3.60   4.00 
 1.65  3.60   3.75 
 1.70  3.40   3.60 
 1.75  3.40   3.50 
 1.95  3.10   3.10 
 2.00  3.10   3.00 
 1.75  3.40   3.50 
 1.90  3.30   3.00 
 1.90  3.20   3.10 
 1.90  3.10   3.25 
 2.05  3.30   2.80 
 2.20  3.40   2.50 
 4.00  3.60   1.60 
 6.50  4.50   1.30 
 6.00  4.50   1.30 
 6.25  4.50   1.30 
 4.75  3.75   1.45 
 4.25  3.60   1.55 
 1.95  3.10   3.20 
 1.90  3.20   3.20 
 1.85  3.30   3.30 
 1.80  3.30   3.40 
 1.70  3.60   3.50 
 1.80  3.50   3.20 
 1.85  3.40   3.10 
 2.60  3.20   2.20 
 2.85  3.30   2.00 
 2.15  3.30   2.60 
 2.40  3.10   2.40 
 2.40  3.20   2.35 
 2.40  3.10   2.40 
 4.00  4.00   1.50 
 4.00  3.75   1.55 
 3.75  3.75   1.60 
 3.60  3.75   1.65 
 3.50  3.60   1.70 
 3.60  3.30   1.75 
 8.00  4.50   1.22 
 6.75  4.50   1.25 
 6.25  4.50   1.30 
 5.25  4.50   1.35 
 1.35  4.25   5.75 
 1.40  4.00   5.50 
 1.50  3.75   4.50 
 1.55  3.60   4.25 
 1.65  3.40   4.00 
 2.15  3.20   2.65 
 2.25  3.20   2.55 
 3.00  3.50   1.85 
 2.80  3.40   2.00 
 2.65  3.30   2.10 
 1.30  4.75   6.00 
 1.35  4.25   5.50 
 1.30  4.25   6.00 
 1.40  4.50   4.50 
 1.45  4.25   4.50 
 1.55  4.00   4.00 
 1.85  3.25   3.30 
 1.75  3.30   3.60 
 2.25  3.20   2.55 
 2.20  3.20   2.60 
 1.04  8.00  15.00 
 7.00  5.00   1.22 
 8.75  5.25   1.18 
 8.25  5.00   1.20 
 1.40  4.00   5.25 
 1.50  3.75   4.50 
 1.40  4.25   5.00 
 1.50  4.00   4.25 
 1.45  4.00   4.75 
 2.85  3.30   2.00 
 2.75  3.30   2.05 
 2.15  3.10   2.75 
 2.25  3.30   2.45 
 2.45  3.30   2.25 
 2.70  3.20   2.10 
 2.80  3.20   2.05 
 2.90  3.20   2.00 
 2.15  3.30   2.60 
 2.40  3.20   2.35 
 2.50  3.20   2.30 
 1.70  3.60   3.50 
 1.60  3.75   3.75 
 1.55  4.00   3.75 
 1.50  4.00   4.25 
 3.60  3.75   1.65 
 3.10  3.40   1.85 
 2.90  3.30   1.95 
 3.50  3.60   1.70 
 1.60  3.60   4.00 
 1.50  4.00   4.25 
 2.85  3.20   2.05 
 3.00  3.40   1.90 
 3.10  3.40   1.85 
 1.55  3.60   4.25 
 1.60  3.50   4.00 
 1.22  5.00   7.25 
 1.18  5.25   9.00 
 1.15  5.75   9.25 
 1.12  6.00  11.00 
 1.45  4.00   4.50 
 1.60  3.60   4.00 
 1.55  3.75   4.00 
 1.70  3.50   3.60 
 1.80  3.40   3.30 
 1.85  3.30   3.20 
 1.05  7.50  14.00 
 3.75  3.75   1.60 
 3.50  3.60   1.70 
 1.45  4.00   4.50 
 1.50  3.75   4.50 
 1.45  4.00   4.75 
 3.75  4.00   1.55 
 3.60  3.75   1.65 
 1.80  3.60   3.10 
 2.00  3.50   2.70 
 2.05  3.40   2.70 
 2.85  3.50   2.25 
 2.75  3.30   2.05 
15.00  8.00   1.12 
13.00  7.00   1.15 
13.00  6.75   1.08 
 1.50  4.40   5.25 
 1.40  4.00   5.00 
 2.30  3.50   2.70 
 2.10  3.30   2.65 
 4.60  4.40   1.55 
 4.25  4.00   1.50 
 2.60  3.50   2.40 
 2.60  3.30   2.15 
 1.23  6.00   8.75 
 1.28  5.50   8.00 
 1.22  5.00   6.75 
 2.30  3.50   2.75 
 2.10  3.30   2.65 
 2.05  3.50   3.20 
 2.00  3.70   3.20 
 1.90  3.40   2.90 
 1.62  4.00   4.70 
 1.75  3.60   4.25 
 1.75  3.50   3.75 
 1.85  3.60   3.60 
 1.90  3.50   3.60 
 5.00  4.25   1.55 
 5.80  4.50   1.45 
 2.50  3.60   2.50 
 2.25  3.60   2.80 
 2.40  3.60   2.55 
 2.50  3.50   2.50 
 1.08  9.00  20.00 
 1.09  8.75  17.50 
 1.65  3.90   4.50 
 1.55  4.10   5.00 
 1.60  4.00   4.75 
 1.65  3.90   4.50 
 1.70  3.60   4.50 
 1.48  4.50   5.50 
 1.55  4.10   5.20 
 1.80  3.40   4.25 
 1.65  3.60   4.90 
 1.55  4.00   5.25 
 1.50  4.30   5.30 
 2.00  3.60   3.30 
 1.90  3.60   3.60 
 2.70  3.60   2.30 
 2.85  3.60   2.20 
17.00  7.50   1.12 
13.00  7.00   1.15 
 2.15  3.60   2.90 
 2.00  3.60   3.30 
 1.85  3.80   3.60 
 1.50  4.10   5.60 
 1.55  4.00   5.25 
 2.50  3.50   2.50 
 2.35  3.50   2.65 
 2.55  3.40   2.50 
 2.35  3.50   2.70 
 2.30  3.50   2.75 
 1.53  4.30   5.10 
 1.40  4.90   6.00 
 1.45  4.75   5.50 
 1.40  4.75   6.25 
 1.65  4.10   4.25 
 1.70  4.00   4.10 
 2.50  3.50   2.50 
 2.30  3.50   2.75 
 2.20  3.50   2.90 
 4.25  3.80   1.70 
 4.00  3.75   1.75 
 2.05  3.60   3.10 
 2.90  3.40   2.25 
 3.30  3.50   2.00 
 2.25  3.75   2.65 
 1.06 10.00  22.00 
 1.08  9.50  18.00 
 1.55  4.40   4.75 
 1.50  4.30   5.25 
 1.55  4.10   5.00 
 1.95  3.75   3.30 
 1.40  4.75   6.25 
 1.50  4.40   5.10 
 1.45  4.50   5.60 
 1.30  5.10   8.00 
 1.30  5.25   8.00 
 1.33  4.90   7.25 
 1.93  3.60   3.40 
 1.45  4.40   5.80 
 1.40  4.40   6.75 
 1.87  3.90   3.45 
 1.93  3.60   3.40 
 6.25  5.10   1.35 
 6.75  4.90   1.35 
 2.80  3.30   2.30 
 2.65  3.40   2.45 
 2.60  3.50   2.45 
 2.55  3.50   2.50 
 3.50  3.60   1.90 
 3.40  3.60   1.93 
 3.50  3.60   1.90 
 2.45  3.50   2.55 
 2.40  3.40   2.70 
 2.35  3.80   2.55 
 2.30  3.60   2.65 
 1.60  3.90   4.90 
 1.45  4.50   5.75 
 1.50  4.40   5.10 
 2.05  3.40   3.30 
 1.98  3.50   3.40 
 3.85  3.75   1.80 
 3.70  3.60   1.85 
 1.50  4.50   5.20 
 1.45  4.60   5.60 
 1.75  3.90   3.90 
 1.85  3.80   3.60 
 2.65  3.40   2.45 
 2.65  3.40   2.45 
 1.15  7.25  13.50 
11.50  6.75   1.17 
 2.40  3.50   2.65 
 3.40  3.50   1.98 
 2.00  3.50   3.40 
 2.05  3.50   3.20 
 1.45  4.50   5.75 
 1.50  4.25   5.50 
 1.53  4.10   5.30 
 1.35  4.75   7.00 
 1.30  5.25   8.00 
 1.30  4.90   8.75 
 2.50  3.50   2.55 
 1.55  4.20   5.00 
 1.53  4.10   5.30 
 1.65  3.80   4.60 
 1.70  3.60   4.50 
 1.90  3.60   3.60 
 1.95  3.60   3.40 
 1.60  4.00   4.75 
 4.40  3.70   1.70 
 3.90  3.70   1.80 
 4.40  3.75   1.70 
 7.25  5.25   1.32 
 1.23  6.00   8.75 
 1.25  6.00   8.75 
 1.50  4.40   5.25 
 1.60  4.10   4.60 
 1.65  3.85   4.60 
 2.20  3.50   2.90 
 2.65  3.60   2.30 
 2.85  3.60   2.20 
 3.10  3.60   2.05 
 1.80  3.60   3.90 
 2.75  3.40   2.35 
 2.50  3.40   2.60 
 1.25  5.30   9.25 
 2.18  3.50   2.90 
 1.45  4.40   5.80 
 5.30  4.40   1.50 
 1.90  3.50   3.60 
 2.00  3.40   3.40 
 2.20  3.40   3.00 
 2.30  3.40   2.80 
 1.45  4.60   5.60 
 1.50  4.40   5.30 
 1.75  3.75   4.00 
 1.70  3.90   4.20 
 1.12  8.50  13.00 
 1.12  8.25  14.50 
 1.93  3.60   3.40 
 2.00  3.50   3.30 
 2.00  3.50   3.40 
 2.05  3.50   3.20 
 3.80  3.95   1.75 
 4.20  3.90   1.70 
 4.00  3.80   1.75 
 3.85  3.75   1.80 
 3.70  3.60   1.85 
 4.90  4.25   1.55 
 4.60  4.10   1.60 
 4.40  4.10   1.62 
 2.85  3.50   2.25 
 2.65  3.50   2.35 
 6.50  4.60   1.40 
 6.25  4.40   1.45 
 2.60  3.40   2.45 
 2.50  3.40   2.55 
 2.45  3.40   2.65 
 1.80  3.80   3.70 
 1.90  3.70   3.50 
 1.93  3.40   3.60 
 1.70  3.90   4.20 
 1.75  3.90   3.90 
 2.10  3.70   2.95 
 2.05  3.70   3.10 
 2.40  3.40   2.70 
 2.25  3.40   2.90 
 1.80  3.75   3.75 
 1.85  3.75   3.60 
 1.90  3.70   3.50 
 1.48  4.25   5.60 
 1.50  4.10   5.60 
 1.40  4.60   6.50 
 1.80  3.70   3.95 
 1.70  3.75   4.40 
 1.65  3.75   4.60 
 1.70  3.70   4.40 
 1.58  4.00   5.00 
 1.28  5.80   7.25 
 1.22  6.25   9.75 
 1.18  6.50  11.50 
12.00  7.00   1.15 
10.50  6.75   1.19 
 9.00  6.50   1.22 
 2.35  3.20   2.90 
 2.45  3.25   2.70 
 4.50  4.20   1.60 
 2.35  3.50   2.70 
 2.40  3.60   2.60 
 1.58  4.00   5.00 
 1.65  3.80   4.70 
 1.20  6.25  10.50 
 1.25  6.00   8.50 
 1.12  8.00  15.00 
 1.15  8.00  11.00 
 4.00  4.00   1.70 
 3.00  3.60   2.10 
 2.55  3.40   2.55 
 3.60  4.00   1.80 
 3.60  3.75   1.85 
